29714850
29678870
29678869
29614582
29602403
29559509
29559467
29559466
29547048
29519216
29495208
29488500
29475496
29475495
29463676
29463675
29463674
29463673
29463670
29463669
29450481
29448256
29446884
29429227
29428335
29424410
29412378
29364366
29358472
29358471
29348377
29340675
29328028
29308856
29294590
29282913
29279925
29279921
29275569
29273164
29265780
29263193
29262286
29241860
29240062
29221646
29216965
29202533
29190136
29188979
29188967
29188962
29188961
29182250
29182249
29182247
29182192
29171823
29171483
29171477
29171469
29171468
29171467
29171466
29171463
29166232
29162590
29162589
29143515
29143514
29143513
29141328
29141162
29136970
29127747
29126227
29126200
29093362
29083248
29080586
29079253
29078835
29074013
29071956
29065746
29064812
29061592
29061591
29061590
29061589
29061586
29049765
29041855
29035185
29034667
29032077
29031374
29030417
29030358
29020727
28985976
28979615
28976258
28967619
28951340
28951339
28947570
28944627
28938995
28933105
28931705
28927707
28920721
28916660
28915520
28904714
28903916
28902377
28898340
28894073
28893521
28879391
28864365
28863441
28845946
28840741
28837492
28837484
28830967
28830966
28828781
28828490
28828488
28823354
28822605
28803839
28795627
28795623
28791994
28781255
28780046
28768620
28767910
28765426
28760327
28760227
28760226
28760225
28760224
28760223
28760221
28760220
28760219
28750422
28748989
28748370
28737363
28737342
28733310
28732664
28732662
28727405
28727404
28726434
28724168
28723318
28723317
28715827
28714996
28710185
28703534
28701577
28701575
28701141
28699984
28693875
28689705
28684249
28676579
28672387
28672386
28672385
28671793
28671792
28671791
28671787
28664922
28664625
28662009
28652487
28647741
28644487
28643804
28639759
28639758
28639756
28639755
28637891
28637828
28631762
28627186
28615383
28615106
28604974
28604935
28601584
28595215
28594802
28593873
28592739
28592005
28592004
28591504
28591300
28591298
28583318
28577741
28574379
28574378
28567200
28562792
28560966
28554195
28552489
28550829
28549508
28549504
28549503
28549502
28545855
28536128
28533259
28533258
28524169
28517922
28514822
28511163
28511161
28511152
28510241
28508112
28508111
28507216
28507215
28506970
28506966
28500195
28492964
28489155
28480852
28477753
28477752
28475944
28473221
28460513
28460511
28452726
28446404
28443992
28440984
28440522
28440520
28440516
28440515
28432400
28431644
28418548
28418541
28418015
28403339
28402800
28402766
28402688
28398306
28394971
28394970
28393341
28387319
28387100
28387008
28385658
28384739
28384738
28383856
28383832
28379024
28379021
28378733
28377375
28371396
28361813
28360054
28355727
28355337
28351696
28349666
28335933
28334539
28333738
28332327
28330610
28329950
28329937
28329904
28318649
28297798
28292557
28291194
28290785
28287291
28281898
28276268
28270434
28260743
28252327
28252263
28252261
28249136
28249135
28249081
28248039
28247839
28247727
28244795
29757537
29757534
28240839
28237613
28235870
28233014
28219128
28218224
28209458
28208051
28208050
28198958
28196253
28196240
28180918
28177092
28173874
28173621
28173616
28164131
28162183
28160841
28159856
28155903
28155901
28155780
28155773
28155739
28154365
28151519
28150260
28145754
28145753
28144799
28139554
28138762
28132538
28132463
28132127
28128578
28126879
28126861
28125758
28122691
28121048
28120022
28119309
28118649
28114464
28114463
28114188
28112496
28111376
28108540
28108539
28105443
28100436
28098066
28095990
28092245
28091363
28089373
28087499
28087307
28087153
28081991
28077829
28076599
28076580
28076480
28076339
28075091
28074982
28074978
28072436
28071177
28070722
28062870
28060977
28060976
28060686
28056470
28056319
28055319
28055047
28055042
28052856
28051119
28051116
28046198
28043829
28043676
28041622
28033597
28031565
28010786
28010783
28010003
28009317
28006047
28003048
28002031
28001176
27989577
27986578
27986519
27986341
27979576
27966435
27964850
27960022
27960014
27960013
27959843
27955956
27935531
27935529
27932227
27929679
27929033
27926902
27926901
27926900
27926899
27926898
27926897
27926896
27926895
27923783
27921438
27921432
27921430
27921428
27921423
27921422
27912867
27911427
27911146
27904096
27903501
27901216
27889395
27888904
27884913
27884884
27883282
27882333
27881353
27881348
27879354
27872459
27871769
27870510
27866064
27865757
27860501
27859686
27856488
27855974
27852398
27849359
27849161
27842762
27840113
27838256
27838132
27836525
27836420
27832400
27831522
27827307
27825534
27824823
27816619
27810227
27810067
27809584
27809452
27808144
26968185
27806238
27806237
27806236
27806227
27806226
27806225
27803444
27803438
27801414
27801413
27796812
27795790
29693910
29693909
29372795
27788706
27693215
27787319
27696230
27692574
27687335
27659856
27777208
27777196
27776944
27374266
27242212
27133283
27130137
27060880
27765120
27764931
27763720
27760613
27759822
27758791
27758790
27756717
27599707
27754600
27753510
27751611
27751514
27575529
27750299
27750298
27745866
27479093
27150388
26822981
27744013
27743135
27738968
27737758
27734687
27733420
27728936
27726044
27717934
27715072
27705192
27701710
27701686
27699391
27696250
27692742
27692652
27692500
27685026
27684766
27681960
27670871
27667529
27667144
27663958
27661275
27660133
27660132
27660131
27660130
27660129
27660128
27660127
27660126
27656943
27658170
27655609
27651411
27651200
27651191
27646740
27646432
27644597
27636925
27634433
27633290
27633134
27629668
27629667
27629050
27627095
27627094
27627093
27627088
27627086
27627083
27627081
27627076
27627074
27627073
27626524
27623948
27619717
27616543
27614369
27608694
27605040
27599954
27598929
27598916
27598377
27596551
27596550
27595248
27595209
27593606
27583428
27581543
27578024
29737646
29381849
27563174
27561017
27557061
27557022
27556537
27555629
27555628
27555627
27555579
27555578
27555575
27545461
27543327
27540881
27538181
27538169
27538168
27534088
27532928
27532927
27530027
27529737
27526986
27525461
27525459
27523263
27522731
27511968
27510353
27510338
27510337
27509606
27509605
27506889
27502117
27500678
27498587
27494728
27493121
27492919
27491600
27491161
27491158
27491153
27491150
27491107
27490432
27489899
27487694
27487679
27487678
27487675
27487674
27487673
27485930
27485848
27485843
27484754
27484169
27484025
27483076
27483073
27481973
27481443
27480096
27480003
27479225
27479224
27477604
29369552
27468544
27466922
27466921
27466749
27465370
27464265
27460625
27459880
27459761
27459757
27457644
27457633
27455802
27455602
27455017
27450881
27445098
27444969
27443110
27443001
27436255
27436819
27435864
27431803
27426901
27424556
27423933
27423246
27419143
27416722
27411771
27409057
27408945
27406766
27406173
27404933
27403782
27401748
27400894
27400162
27393302
27392957
27388989
27387884
27387880
27387879
27384456
27381311
27380290
27380289
27380288
27377494
27377206
27374392
27373291
27373092
27369693
27367180
27358924
27358923
27356791
29715390
29557591
27355224
27354174
27352943
27352594
27350199
27349822
27348961
27348954
27346596
27344826
27344101
27343806
27339890
27337753
27336993
27336333
27335185
27332356
27331286
27330711
27330134
27330133
27329712
27325036
27324015
27323977
27322943
27319185
27319179
27318907
27316564
27314051
27312856
27311248
27307262
27306711
27306615
27304773
27299822
27291328
27290776
27290774
27288684
27286737
27285093
27276789
27275650
27273335
27272619
27271430
27271419
27269925
27269776
27268789
27267596
27267463
27267359
27267314
27266169
27266163
27266145
27266144
27266143
27266128
27266079
27266057
27266040
27263156
27260949
27257668
27255990
27255622
27255507
27255001
27254999
27254996
27254995
27254992
27254990
27250637
27250612
27250607
27248121
28901089
27238930
27235133
27234335
27233831
27233429
27231307
27230947
27226458
27226456
27225102
27222400
27221405
27221094
27220716
27220712
27220709
27219289
27219288
27217915
27216628
27216313
27215121
27208370
27208369
27207267
27206987
27197450
27197110
27197107
27193914
27193910
27188373
27183782
27183662
27180961
27180747
27180673
27180672
27180669
27180668
27180667
27180666
27176455
27172719
27170245
27169278
27163475
27160545
27157552
27155699
27144926
27143183
27141894
27134064
27133275
27133274
27133272
27133198
27131929
27131610
27126706
27125801
27124972
27122209
27120484
27119961
27119710
27118534
27116159
27115529
27115379
27109174
27103451
27100847
27100596
27099253
27097405
27097158
27093208
27093207
27092668
27089715
27089618
27089604
27089080
27089079
27088787
27085074
27080251
27078250
27078249
27075402
27075268
27074068
27073949
27071602
27071585
27071584
27071583
27071268
27071263
27070975
27064585
27063429
27063427
27062738
27057975
27054872
27053420
27052837
27052250
27052249
27052246
27052244
27052242
27052239
27052238
27052230
27052226
27052221
27052220
27050901
27048056
27043892
27043879
27043804
27043789
27043488
27043362
27043061
27039961
27038414
27034516
27033486
27032548
27032324
27030659
27030121
27030120
27030119
27030118
27029728
27029501
27029446
27029364
27028674
27027189
27027163
27021496
27019254
27019245
27017851
27016322
27016321
27016320
27015707
27012228
27009624
27008840
27006393
27005532
27003655
27002449
27000982
27000342
26999916
26999847
26995756
26993245
26992160
26991639
26988615
26987188
26985517
26985513
26983335
26983334
26983333
26983332
26983292
26983289
26983288
26983285
26981947
26981946
26981945
26981944
26981943
26981942
26981941
26981940
26983145
26980688
26979229
26979216
26979183
26979099
26979025
26979020
26979012
26978614
26978211
26977828
26977827
26977584
26977492
26977491
26977490
26976710
26975089
26973748
26973184
26973183
26973182
26972798
26971647
26970914
26969514
26963538
26962128
26961993
26960885
26960868
26960845
26960837
26957571
26954766
26954619
26953485
26953409
26953406
26953402
26949070
26948458
26947330
26946845
26946699
26938872
26937759
26935087
26933855
26933854
26933853
26932211
26927150
26927149
26926979
26926617
26926415
26926371
26926367
26925942
26924324
26923982
26923980
26923976
26923975
26923970
26921975
26921155
26919648
26919514
26918933
26918088
26908929
26908902
26904817
26894276
26888130
26888024
26887305
26887217
26886142
26886043
26884325
26882302
26882223
26881373
26879725
26878563
26875407
26874674
26870973
26867645
26867302
26866704
26864415
26861947
26856882
26856453
26856110
26855067
26853629
26851255
26850395
26848330
26846397
26846345
26845609
26845470
26845013
26843077
26842933
26842485
26841550
26840118
26840117
26837367
26836743
26836740
26836422
26831428
26831427
26830975
26830854
26827498
26827491
26827440
26826774
26825234
26823414
26823105
26822653
26821630
26819426
26819261
26818900
26818693
26818654
26818651
26817104
26815188
26813978
26813650
26813368
26813366
26813365
26813363
26806221
26803592
26802695
26801606
26798157
26798122
26796647
26795946
26795681
26794440
26794387
26794386
26792496
26792183
26790033
26789349
26789340
26786825
26784785
26784783
26784492
26783622
26783538
26782902
26782726
26782724
26781474
26780012
26778681
26775266
26774014
26770989
26770986
26767609
26762596
26761971
26759860
26759214
26757545
26752194
26751604
26750189
26749705
26749704
26749703
26749702
26749701
26749700
26749699
26749698
26749660
26743066
26739083
26738376
26738271
26734798
26732915
26732223
26731889
26731084
26729040
26728939
26727841
26724986
26724596
26724595
26724594
26723941
26720499
26720398
26720309
26720248
26719877
26718966
29480662
29381023
29381015
28635930
28633158
28525688
28514543
26716749
26715438
26715313
26711604
26711603
26711504
26711486
26711207
26710946
26710696
26707011
26707010
26704624
26704380
26701358
26701217
26701049
26699608
26699606
26696667
26696666
26696665
26696662
26696661
26687269
26686305
26685658
26685424
26685423
26684254
26682844
26681477
26679651
26678559
26678530
26676964
26676943
26676522
26676447
26676310
26675268
26674627
26674094
26672860
26672859
26672858
26672857
26672242
26670978
26670977
26670976
26670554
26669030
26668895
26668122
26667615
26667166
26667129
26666147
26666144
26666142
26666141
26666057
26665833
26665831
26665823
26665806
26665425
26663065
26659437
26658597
26656272
26655375
26655295
26655260
26654861
26653255
26653252
26652966
26652965
26652963
26652962
26652960
26652959
26652788
26652787
26652786
26649859
26648571
26646800
26646164
26643878
26643750
26643749
26643420
26643419
26642271
26641365
26641364
26641027
26639778
26638929
26638600
26638450
26638442
26637430
26637094
26634255
26633683
26632087
26630893
26630709
26628427
26627551
26622173
26621824
26621145
26620250
26619722
26615047
26615015
26610413
26606912
26605932
26605386
26604292
26604291
26604290
26604289
26604288
26604287
26604286
26604285
26604175
26604172
26604170
26603979
26602940
26600115
26597600
26597553
26596523
26595877
26593315
26593314
26591966
26591219
26591209
26590683
26590682
26590681
26590680
26590679
26589363
26585658
26585510
26584788
26581534
26577717
26576880
26575652
26575607
26573193
26573192
26569367
26561901
26561591
26561339
26559581
26559580
26559579
26559578
26559577
26559163
26558935
26554527
26554102
26553790
26553787
26553108
26552151
26551047
26550793
26549563
26548028
26547325
26547733
26545649
26544666
26544665
26544664
26544663
26544662
26544661
26541898
26541845
26541076
26539874
26537270
26537269
26537267
26537265
26536639
26535927
26535542
26531145
26530207
26530057
26526194
26524579
26524578
26524361
26521913
26521842
26521467
26518764
26515899
26510800
26509856
26509305
26508784
26508109
26507642
26503576
26502704
26502577
26502145
26502119
26501746
26501087
26495927
26495717
26493326
26494845
26494820
26494815
26494814
26494806
26492480
26491753
26491699
26491517
26489241
26489114
26488932
26485699
26485270
26484408
26482886
26482238
26480987
26480664
26480253
26477443
26477241
26476884
26471107
26469814
26466125
26466044
26466043
26466042
26466041
26465872
26465788
26464506
26463908
26460357
26459424
26459126
26458984
26458033
26457408
26453523
26453522
26453262
26452524
26451452
26451406
26451005
26447107
26445965
26444161
26443287
26442842
26442821
26442566
26439811
26439662
26436572
26436570
26435160
26434225
26434221
26433133
26431291
26431188
26429942
26429941
26429403
26429080
26427543
26427341
26426548
26424240
26424006
26423788
26423568
26423184
26421423
26420762
26419861
26419822
26418998
26418111
26416647
26416220
26412452
26411911
26410961
26410443
26405280
26405279
26405278
26405043
26404938
26404937
26404936
26404935
26404934
26404925
26402942
26401582
26401209
26400229
26398651
26394952
26394768
26393986
26393851
26392469
26391507
26391501
26391500
26391499
26390911
26390662
26387380
26387187
26386991
26386989
26386988
26386917
26386668
26386553
26386230
26383809
26383807
26383802
26377287
26377053
26375987
26375702
26375701
26374923
26374820
26374728
26374615
26372916
26372789
26370029
26369451
26369449
26364528
26364414
26364393
26364391
26359024
26359011
26355928
26355919
26355755
26355754
26355405
26355404
26353780
26353467
26353099
26351856
26350740
26349737
26349733
26349725
26346581
26346375
26346360
26342851
26342408
26341169
26340826
26339744
26339743
26339017
26338393
26338017
26337995
26337360
26336719
26333511
26333161
26332557
26332556
26332555
26332554
26331592
26331206
26330340
26325562
26323125
26320598
26320532
26320293
26320285
26320124
26319827
26311693
26310005
26309481
26309464
26308662
26307897
26306974
26303599
26301019
26299497
26298984
26298571
26298570
26295080
26295079
26294785
26294784
26294783
26294782
26294779
26294778
26294665
26294437
26292877
26290911
26290878
26289881
26289870
26289868
26289708
26286496
26285470
26285456
26285436
26285328
26284449
26281195
26281182
26280422
26280421
26278671
26277221
26276241
26275865
26271088
26271058
26270518
26270044
26269440
26269439
26268909
26268058
26268041
26267628
26263644
26260506
26260505
26259311
26254116
26252258
26250763
26248423
26247768
26247036
26245182
26244623
26243462
26243361
26242131
26239628
26233723
26232260
26230556
26228982
26228800
26227925
26224343
26223363
26219754
26219133
26219063
26219062
26215420
26215261
26214109
26211568
26211286
26211282
26211280
26211240
26210987
26209722
26207068
26207067
26207066
26207050
26207039
26207038
26207035
26207032
26206060
26206058
26206056
26206009
26205189
26205017
26205004
26203572
26202578
26202496
26201174
26201111
26199308
26198957
26198953
26197848
26197183
26197182
26194689
26189860
26188491
26186883
26186019
26184672
26184626
26179854
26178461
26177974
26177973
26177132
26177131
26176187
26175510
26175039
26173823
26170089
26168323
26168052
26164995
26164516
26164137
26163439
26161202
26159134
26159020
26158544
26154751
26153259
26151399
26149836
26149612
26147320
26146667
26145741
26142571
26141337
26141336
26140578
26139856
26138811
26138218
26138169
26138168
26137991
26137632
26137615
26137578
26135727
26135479
26134688
26134687
26132758
26132502
26132122
26126760
26126553
26126373
26125655
26124505
26123671
26123027
26122878
26121513
26120971
26120106
26118081
26118068
26118041
26118037
26117424
26116719
26116158
26113421
26112838
26111785
26111784
26111140
26109215
26106232
26106231
26106198
26106191
26106189
26102210
26102124
26099813
26098239
26096402
26095710
26094750
26094106
26094012
26092870
26090640
26090639
26090062
26089272
26088385
26087624
26087563
26085194
26084642
26083521
26082553
26082425
26081502
26080871
26080724
26077674
26077265
26077012
26075855
26075854
26075777
26073221
26068012
26066368
26063176
26063175
26062587
26062102
26061507
26059383
26056096
26054893
26054423
26054296
26054173
26054139
26053687
26051971
26051898
26050737
26050482
26049364
26049358
26049356
26047627
26042451
26042398
26042257
26041310
26039915
26039289
26036126
26034963
26034962
26034961
26034860
26034826
26034812
26034807
26033716
26032109
26031822
26027593
26027252
26027202
26026652
26026329
26026328
26024856
26020538
26020537
26019321
26019086
26018554
26016351
26016227
26015220
26015214
26015199
26015002
26013760
26012997
26012992
26012981
26012964
26012682
26012681
26012680
26012462
26012432
26012151
26011264
26009854
26009513
26009218
26009215
26009212
26008675
26006313
26005178
26005176
26003754
26003753
26002916
26001539
25999534
25998309
25998308
25998305
25998304
25998303
25997286
25996138
25995043
25994990
25994173
25993252
25992399
25990867
25990090
25990086
25989629
25986143
25986142
25986140
25984620
25984616
25984615
25982967
25981529
25980332
25979409
25979363
25978126
25975357
25975128
25971761
25970405
25966042
25964992
25963500
25962518
25962253
25960301
25957005
25955452
25952674
25950578
25945992
25943858
25943221
25942975
25940569
25940287
25939859
25935881
25934872
25934871
25934869
25933222
25932736
25929829
25926366
25926265
25924965
25924045
25924044
25924043
25924042
25921421
25921420
25919497
25918949
25916836
25916835
25916116
25913160
25911792
25910605
25910543
25909794
25909615
25908881
25908880
25908872
25908158
25908082
25908081
25908070
25907716
25906661
25906655
25906652
25906648
25906645
25906502
25904428
25903650
25902907
25900889
25898312
25897551
25897529
25896680
25894264
25894262
25894259
25894257
25894256
25894243
25894044
25892446
25890547
25890058
25886069
25884071
25880573
25878223
25878222
25877139
25875207
25874480
25873532
25873125
25872815
25872369
25871989
25867220
25863776
25862181
25861841
25860270
25860159
25859594
25856966
25850297
25849270
25849230
25848880
25845791
25845790
25845435
25841668
25838354
25837611
25835727
25835726
25835612
25834930
25833967
25832526
25830196
25830193
25830192
25830191
25830187
25828625
25828316
25828249
25827972
25827603
25827139
25826556
25826293
25824679
25824635
25824189
25824178
25823279
25823278
25823272
25822963
25817295
25816980
25815612
25815397
25814324
25813652
25813366
25813264
25813251
25812382
25812375
25812374
25812373
25812372
25812369
25812362
25812360
25812187
25812181
25811507
25810123
25810041
25805878
25805877
25805876
25805870
25805763
25805762
25804780
25803352
25803351
25802447
25801768
25801016
25800142
25799651
25797337
25796788
25796774
25796755
25796002
25795942
25795941
25795929
25795640
25791289
25789697
25787001
25786317
25784360
25784359
25784131
25781536
25781429
25775885
25773406
25773281
25773280
25773279
25772585
25772458
25771523
25769195
25767123
25767012
25766377
25765695
25761379
25761289
25760742
25760127
25760126
25760116
25759981
25759980
25756436
25754416
25752279
25751388
25750570
25748622
25747159
25743987
25743962
25743681
25743680
25743674
25743447
25743304
25743234
25742711
25739927
25739721
25738275
25736402
25736176
25733658
25733657
25732765
25730930
25728951
25728847
25728565
25726767
25726325
25725902
25724808
25722012
25721223
25721222
25720648
25720630
25715430
25715425
25715424
25715418
25715414
25715413
25715412
25715141
25713195
25713190
25711687
25711122
25710512
25710511
25707784
25707205
25704515
25702247
25702246
25702245
25697626
25695303
25695298
25693620
25693613
25693215
25692841
25691684
25690171
25690133
25688410
25687713
25686756
25686196
25676137
25675573
25673332
25672783
25672053
25672052
25669222
25669099
25668260
25667062
25666217
25666211
25665830
25665645
25662787
25662227
25662158
25658228
25656766
25656763
25656035
25655852
25654560
25654347
25652635
25652538
25652373
25651726
25650484
25650261
25649338
25648671
25647939
25647938
25647937
25647936
25647106
25645444
25640692
25639064
25639014
25638602
25636953
25636825
25636441
25636405
25636342
27413792
25633812
25632607
25629197
25627051
25626625
25624301
25624178
25623547
25623546
25623545
25623201
25623121
25622671
25619319
25618513
25618510
25618509
25618505
25618503
25618502
25618232
25618225
25617938
25617937
25617936
25617934
25617932
25617927
25617925
25617558
25617417
25614699
25614698
25614697
25614696
25614695
25614693
25614692
25614687
25614673
25614672
25612370
25612346
25612341
25611716
25609194
25608421
25608402
25601804
25601397
25600996
25600048
25600047
25600037
25599366
25598256
25598255
25597711
25597568
25597340
25596214
25596212
25595521
25595438
25595348
25592316
25591093
25589710
25589316
25588398
25586355
25586202
25586201
25583942
25583541
25582871
25582477
25580755
25579864
25578896
25578287
25573699
25571761
25571757
25571754
25569696
25567149
25565650
25563072
25562079
25561182
25561121
25559655
25558670
25558596
25555822
25555438
25555437
25555492
25554535
25554065
25552619
25552618
25552106
25552026
25552011
25550238
29378107
29378103
29378101
29378099
29378096
29087096
28509467
27214983
27162300
27149816
27125101
27051920
27017701
26987136
26955426
25547701
25546888
25546887
25546886
25546885
25543363
25543315
25543263
25538323
25538311
25538310
25538281
25538279
25537714
25537712
25537707
25537704
25536829
25536699
25534265
25533449
25532311
25528786
25526096
25524930
25523601
25523162
25520175
25518529
25518481
25518129
25518107
25516626
25516054
25512280
25511493
25511492
25510878
25510817
25510024
25509886
25509885
25509850
25509470
25509148
25507175
25500792
25500333
25499403
25498785
25498301
25498299
25498190
25492339
25490340
25490339
25489827
25489363
25488871
25488478
25488379
25484161
25483324
25483221
25482579
25481433
25481102
25478800
25472850
25472636
25468755
25466721
25466720
25466671
25466525
25466240
25464613
25464603
25464447
25461230
25459462
25459321
25458402
25457905
25457351
25456457
25455831
25455415
25452516
25452345
25452344
25451883
25451191
25449816
25446389
25444978
25443070
25443055
25442464
25441026
25440575
25440441
25440181
25439978
25439386
25437465
25437464
25437463
25437462
25437461
25437460
25437459
25437458
25437457
25437424
25433430
25429754
25429029
25428799
25427094
25427091
25425152
25423955
25423836
25423454
25421374
25421373
25418400
25417465
25417447
25416683
25414409
25414408
25414407
25414406
25414403
25414402
25414401
25414400
25414399
25414398
25414397
25414395
25414206
25414205
25414024
25414023
25414020
25414016
25413050
25411273
25409967
25409409
25409152
25403599
25403297
25402605
25402542
25400068
25400046
25396025
25396019
25395304
25395024
25395023
25394935
25394666
25391749
25389039
25387442
25385133
25383498
25382013
25381602
25378545
25377582
25374630
25373711
25372847
25372642
25372258
25371317
25370557
25369670
25369639
25368829
25368738
25367924
25367013
25366199
25366044
25362940
25361684
25359422
25356461
25355148
25354858
25354857
25354249
25352078
25352063
25350797
25350350
25350062
25350060
25348419
25346092
25345953
25345725
25344635
25342843
25342842
25342837
25341346
25341239
25338333
25336393
25336392
25335325
25335242
25335235
25334072
25333547
25332343
25331306
25331174
25330399
25328944
25327461
25327331
25327128
25327127
25327118
25327117
25327116
25326843
25326841
25326840
25326839
25326838
25326837
25326836
25326835
25325220
25323489
25323426
25323267
25323163
25322844
25322711
25322662
25318344
25318234
25318228
25317897
25317875
25317651
25316596
25315689
25314736
25312814
25312324
25312215
25311719
25311718
25311717
25311716
25311715
25311714
25308229
25307739
25307705
25307170
25306758
25306751
25306750
25301693
25300514
25300112
25296258
25295320
25294200
25294081
25294066
25294063
25292012
25288650
25286600
25286511
25284695
25282939
25282349
25282083
25282082
25282081
25282007
25281605
25281352
25279489
25278493
25272852
25272694
25272672
25272668
25272526
25272521
25272399
25272388
25271916
25271915
25269194
25269185
25265650
25265649
25265136
25263333
25262543
25262342
25260336
25260272
25259866
25254396
25253518
25253014
25249683
25249682
25249679
25249678
25249675
25249667
25249642
25249533
25249525
25249232
25249176
25249048
25249047
25244782
25244775
25243967
25243381
25241719
25241718
25241717
25241716
25240835
25238509
25238470
25238222
25234553
25234213
25233542
25230037
25228831
25226882
25226808
25226484
25226483
25225204
25223567
25223484
25223481
25222416
25222022
25220193
25211837
25211831
25211577
25211564
25211412
25209484
25209482
25204023
25203014
25201141
25200566
25200565
25200039
25199665
25195397
25195377
25194974
25194885
25194399
25194082
25193334
25192582
25192407
25192381
25190524
25190237
25189967
25189941
25189828
25189212
25189007
25189001
25185274
25183619
25182308
25182307
25182306
25182304
25181747
25181565
25179966
25178972
25178970
25177820
25176092
25176077
25176072
25174483
25174155
25173803
25170098
25169637
25164832
25163203
25159026
25158787
25158388
25156816
25155296
25153602
25151900
25151772
25151666
25149071
25147267
25147266
25147265
25147264
25147263
25147259
25145320
25142987
25139046
25137852
25137836
25137835
25137832
25137831
25135925
25135865
25135119
25135100
25134358
25133383
25133382
25131499
25131005
25129285
25128267
25127482
25127481
25125052
25121385
25121371
25119805
25119619
25119618
25119617
25119616
25119615
25115730
25115636
25114298
25114208
25112553
25112233
25112094
25109736
25109735
25109517
25108940
25108931
25107674
25107466
25102955
25102564
25098376
25098122
25097995
25097947
25095559
25095551
25095548
25095281
25093949
25092641
25090752
25088436
25087730
25087388
25087387
25086784
25086783
25085598
25084631
25083957
25081583
25081249
25080951
25080737
25073888
25072420
25072419
25072418
25072417
25070458
25070443
25070441
25070439
25070437
25069758
25069308
25069305
25068437
25066445
25065749
25065332
25065176
25065175
25065174
25061623
25061156
25061155
25061154
25061153
25061152
25061151
25061149
25061148
25061144
25061136
25060897
25060896
25060893
25060892
25060891
25060531
25060381
25060380
25059245
25056138
25055596
25055462
25055456
25051935
25048035
25048034
25042974
25042082
25041045
25040702
25039805
25039167
25037986
25034376
25034074
25034073
25029061
25028606
25028197
25027899
25027522
25023257
25023256
25022093
25020167
25019147
25018117
25016943
25016865
25016852
25016721
25014524
25014057
25011962
25011473
25010529
25009026
25008306
25008305
25008304
25008303
25008302
25005335
25004772
25004770
25004769
25004768
25004767
25001144
24999258
24999257
24999189
24998081
24998010
24992604
24991772
24989474
24985990
24984701
24984405
24984217
24983191
24981458
24981456
24975202
24975167
24974685
26462347
24972986
24970675
24969610
24969115
24969091
24969020
24968846
24968567
24968566
24968486
24968484
24968483
24968481
24968471
24963119
24963118
24963117
24963116
24963109
24962928
24962927
24962918
24962277
24961103
24960848
24958753
24957113
24956652
24956643
24954712
24951667
24948512
24947580
24946561
24946514
24945563
24945169
24945168
24943858
24943484
24942952
24941832
24941811
24941567
24941505
24941503
24941502
24941501
24939690
24939531
24938243
24937878
24936572
24935508
24934464
24930352
24930317
24930312
24930227
24930219
24928019
24925933
24925138
24923102
24919223
24919222
24919218
24918884
24918151
24915279
24915266
24915265
24915264
24915253
24915243
24914112
24913532
24913519
24910218
24908999
24908939
24908887
24908886
24908879
24908870
24908869
24908206
24907667
24906788
24905114
24903136
24902374
24902146
24893248
24891623
24891018
24889899
24889710
24889584
24889040
24888665
24888196
24887987
24887304
24880969
24880967
24880761
24876628
24876603
24876455
24876411
24875933
24874523
24874325
24874311
24873150
24873104
24873011
24871916
24871543
24871473
24868067
24867817
24867816
24867213
24866314
24865189
24863379
24863082
24862358
24861071
24856030
24855777
24855181
24855180
24855175
24855174
24855168
24855167
24854798
24854690
24853903
24853898
24853896
24853892
24853891
24852803
24852510
24852433
24851499
24851448
24851437
24850603
24847105
24844141
24842383
24841509
24841171
24839663
24839057
24837602
24837092
24835891
24835797
24835796
24834997
24834724
24834615
24834519
24832630
24831991
24830988
24829173
24829109
24825652
24825651
24825650
24825649
24823984
24823981
24823980
24823979
24823978
24823977
24823975
24823974
24823427
24821171
24820745
24818294
24817540
24811944
24809938
24809916
24809179
24809119
24806892
24804753
24804308
24800907
24800522
24798783
24797493
24796099
24796073
24795239
24795114
24793606
24793605
24793343
24791549
24790916
24788394
24788393
24785223
24785222
24785221
24785220
24783696
24783695
24783692
24783691
24781833
24781654
27223869
24777496
24772722
24772721
24772499
24772473
24770541
24769658
24768457
24768387
24768207
24767207
24767162
24766504
24764568
24761554
24761548
24761543
24759910
24758881
24757754
24757753
24757730
24757253
24757250
24757249
24757241
24757240
24757239
24757238
24757224
24757223
24757222
24757200
24757198
24757197
24757195
24754062
24753557
24753556
24751987
24751140
24750529
24749347
24747994
24745030
24743121
24743120
24742649
24741570
24740187
24739563
24737312
24736759
24735142
24735141
24734454
24734386
24732972
24731680
24731679
24731677
24731676
24731476
24731465
24730335
24730323
24728755
24728441
24728433
24727713
24724589
24724262
24724261
24724259
24723001
24722998
24722963
24722929
24721349
24721140
24716314
24714981
24713675
24713467
24711197
24711196
24709377
24708908
24706709
24706555
24703728
24703566
24703125
24703055
24703039
24703036
24701878
24701876
24700035
24699792
24698854
24696097
24695444
24693912
24693911
24693910
24693909
24693908
24691694
24690505
24687300
24685760
24685227
24685092
24685063
24685034
24683702
24680973
24674719
24673047
24671840
24671665
24669406
24669404
24665645
24663030
24662977
24662254
24660669
24658791
24658165
24656503
24656089
24655910
24655909
24652743
24652742
24652736
24652735
24652732
24652730
24652722
24651813
24651812
24651797
24648172
24648020
24646421
24642263
24640303
24640061
24640060
24638187
24638176
24636760
24633756
24632643
24632640
24631418
24631416
24630799
24630798
24629749
24629693
24628302
24625957
24625956
24625955
24624855
24624806
24623799
24622971
24622745
24622744
24622713
24622710
24622708
24622707
24622706
24622701
24622699
24622673
24622664
24622661
24622660
24622656
24622655
24622654
24622653
24622364
24622363
24622361
24622358
24622357
24622355
24622354
24622311
24622307
24622256
24622254
24622252
24622251
24622056
24620634
24619717
24618380
24618238
24614705
24612998
24612823
24612222
24612198
24612178
24612123
24611309
24611186
24610210
24602766
24602748
24601708
24597862
24594958
24594956
24593924
24591470
24589614
24589612
24588426
24588362
24588008
24582291
24581710
24581668
24581479
24579213
24576931
25928994
24573660
24572104
24571949
24571948
24570197
24570196
24567612
24566079
24561139
24561136
24558089
24558088
24558085
24558058
24557997
24554605
24553698
24552015
24550433
24535419
24535369
24534349
24533679
24531264
24531223
24530350
24530020
24529823
24528352
24528227
24526392
24526252
24524599
24523328
24521621
24521619
24521368
24520851
24519113
24518839
24517395
24516886
24516090
24510631
24510629
24509355
24509354
24508150
24507975
24507219
24506367
24503170
24503168
24502929
24502141
24502090
24501967
24500991
24500990
24500630
24500552
24500349
24498768
24496824
24495841
24495116
24493490
24493489
24493488
24492927
24491899
24491893
24486096
24485227
24485204
24485203
24484109
24482938
24482931
24482824
24481636
24481635
24481634
24481633
24481429
24481146
24479383
24477150
24477123
24476656
24476591
24476445
24476444
24475676
24475614
24473838
24471677
24471676
24471608
24468002
24466605
24464717
24462309
24461345
24461123
24461122
24461121
24461120
24460874
24460635
24459900
24459888
24459169
24459168
24459161
24459157
24459156
24456918
24450610
24450270
24450259
24450135
24450110
24449590
24449355
24448907
24448811
24445719
24445718
24445708
24445178
24444678
24444677
24444523
24444522
24444521
24444520
24444519
24444518
24444517
24444516
24443944
24442103
24442102
24440211
24439854
24439301
24439194
24439190
24439186
24438939
24438895
24437264
24437040
24437037
24434833
24434762
24434501
24434405
24430318
24429192
24428327
24422203
24419356
24417006
24415601
24415600
24415599
24415598
24412647
24409103
24408587
24406362
24405824
24405541
24405540
24400556
24400305
24398163
24397712
24397178
24397173
24397171
24397170
24397167
24397166
24397165
24397164
24397162
24397160
24397159
24397158
24397157
24396969
24396895
24393715
24392575
24388551
24388550
24386778
24385898
24382086
24379212
24378152
24374280
24373394
24373393
24371999
24371990
25951695
25932077
25929024
25929022
25929021
25929019
25928940
25911908
25902654
25902652
25868301
25823317
25796950
25796948
25796839
25790715
25782325
25782322
25782306
25767660
25749332
24370229
24369792
24366351
24366124
24365579
24362784
24362782
24362781
24360971
24360361
24359793
24358775
24357701
24357692
24357691
24357173
24356689
24356609
24356606
24356605
24356604
24356601
24356600
24356589
24355681
24355680
24355386
24354502
24354109
24351193
24350936
24350935
24346454
24344567
24343725
24343639
24343638
24343086
24342402
24341876
24341297
24341203
24340478
24340377
24340345
24340329
24336650
24336594
24334132
24332938
24332179
24332118
24331477
24331184
24330731
24330128
24328479
24328478
24328477
24328476
24328475
24328474
24326489
24325110
24325109
24324052
24324049
24323962
24320917
24320916
24320700
24315525
24315510
24315013
24314269
24314163
24304955
24304653
24303540
24298724
24298688
24298687
24298686
24298684
24298628
24298616
24291269
24288814
27024811
25726672
24286989
24286732
24284246
24282167
24279445
24279438
24275740
24275630
24275394
24274706
24271256
24268958
24268912
24267869
24266993
24265392
24265387
24265386
24265377
24265372
24265369
24265365
24265364
24265363
24264396
24263555
24262590
24261739
24261036
24258614
24256590
24254974
24251874
24247222
24246201
24246125
24243744
24243743
24241082
24240386
24238731
24238537
24236899
24236672
24235192
24232820
24232813
24228285
24224357
24224355
24224354
24224353
24224332
24224215
24220800
24218914
24218877
24217879
24217755
24217308
24217210
24213220
24206460
24196692
24194619
24192951
24192950
24191429
24191422
24189820
24187679
24183902
24183898
24183038
24180293
24180204
24180199
24171382
24169029
24167889
24165996
24165911
24165846
24165845
24165844
24165500
24165421
24164879
24164874
24164402
24163818
24161599
24159632
24159187
24159186
24159185
24159068
24159067
24159066
24159065
24158997
24158994
24158877
24156146
24155111
24155110
24154956
24152945
24150705
24146270
24144072
24143338
24140159
24138823
24137986
24137733
24137670
24136630
24136394
24136033
24135834
24135217
24134602
24134129
24129857
24126679
24126665
24126593
24126478
24122686
24121095
24120982
24120101
24120099
24119991
24117729
24115720
24113231
24112245
24111860
24104360
24102877
24100983
24100982
24100265
24097033
24096980
24096323
24093389
24093199
24092493
24092247
24088595
24088594
24088233
24088230
24088099
24080563
24078056
24077589
24076280
24074715
24074447
24073969
24073952
24073726
24073724
24072158
24071688
24071060
24070882
24070881
24069652
24067201
24034512
24065856
24065855
24065802
24065801
24065800
24065799
24065798
24065794
24065793
24065791
24065382
24063922
24063034
24063028
24062188
24062020
24062005
24061081
24060955
24059130
24058155
24056544
24055176
24052112
24048672
24047693
24042467
24042326
24042219
24040870
24036081
24035386
24035125
24032254
24029968
24026584
24026212
24026039
24025495
24024786
24024423
24024392
24019402
24019114
24018630
24018441
24018430
24016754
24014813
24012152
24012151
24009449
24008652
24008167
24007233
24007229
24006601
24005636
24005634
24005631
24005625
24005624
24005617
24005076
24004505
24002636
23999451
23999370
23996285
23994396
23993407
23992603
23991630
25510087
25434186
23990528
23989363
23989359
23986068
23984764
23984763
23984566
23984450
23984432
23980739
23972359
23972060
23972059
23971498
23970731
23970729
23970719
23970714
23970521
23970520
23970486
23967522
23967450
23964510
23964491
23964490
23958567
23953073
23964016
23961600
23961597
23961593
23959364
23957114
23957026
23955359
23955290
23954906
23953186
23952364
23948126
23946940
23946939
23944992
23939227
23938327
23937815
23929926
23928565
23928340
23928206
23926888
23925631
23925629
23918209
23912756
23911195
23911193
23910424
23909880
23909834
23909812
23909257
23907276
23906795
23906104
23905169
23903884
23902529
23901580
23882056
23882055
23882054
23882052
23882050
23882049
23882048
23882047
23882046
23882044
23882041
23882040
23882038
23882037
23882036
23882035
23898602
23896540
23896336
23895861
23894187
23892821
23891611
23890922
23890843
23888407
23881986
23881971
23881966
23881965
23881197
23881191
23880799
23880205
23880203
23879890
23878823
23877426
23876914
23875205
23871503
23870706
23868732
23867926
23867484
23867483
23867155
23867037
23867034
23866938
23866645
23866642
23866641
23866640
23865530
23860898
23859540
23859256
23857319
23856701
23851558
23850056
23850026
23848556
23848540
23843547
23842435
23839540
23839106
23838632
23836280
23832427
23831241
23829614
23824718
23823833
23823134
23822923
23821843
23820520
23820519
23817718
23817567
23816058
23814011
23811811
23810871
23810610
23807530
23804180
23802776
23801816
23801809
23801808
23801803
23801793
23801703
23796132
23788649
23788566
23788565
23788564
23788563
23786822
23786312
23786230
23778318
23773303
23761189
23757752
23757746
23757629
23757192
23754828
23754108
23753849
23751908
23751906
23746051
23734033
23734031
23731602
23731527
23720123
23719877
23714218
23713081
23712351
23711884
23711420
23706758
23698801
23696491
23696196
23695708
23688528
23686641
23684754
23684681
23683969
23683963
23683386
23680037
23664193
23663655
23659776
23659775
23659558
23657966
23656905
23649017
23647503
23647132
23636992
23636991
23622897
23621823
23612667
23596147
23582135
23569171
23566042
23553434
23550924
23549653
23545182
23542099
23542098
23540385
23529670
23512467
23512401
23506480
23494367
23491970
23487321
23480312
23474698
23466014
23453875
23435254
23432425
23421740
23416415
23412745
23412585
23402726
23391580
23336955
23332627
23332622
23325702
23325607
23314478
24876897
23262435
23257572
23246165
23215756
23212668
23174170
23173155
23173154
23125233
23052935
22921456
22854917
22841470
22499892
22068622
